9 100000000 2 33.488 35.937
18 100000000 2 59.46 61.149
27 100000000 2 73.12 NaN
36 100000000 2 81.344 82.292
45 100000000 2 86.817 87.614
54 100000000 2 90.719 91.419
63 100000000 2 93.641 94.275
72 100000000 2 95.912 96.498
81 100000000 2 97.727 98.278
90 100000000 2 99.213 99.735
99 100000000 2 100.45 100.95
108 100000000 2 101.5 101.98
117 100000000 2 102.39 102.86
126 100000000 2 103.17 103.63
135 100000000 2 103.85 104.3
144 100000000 2 104.46 104.89
153 100000000 2 104.99 105.41
162 100000000 2 105.47 105.89
171 100000000 2 105.9 106.31
180 100000000 2 106.29 106.69
189 100000000 2 106.64 107.04
198 100000000 2 106.97 107.36
207 100000000 2 107.26 107.66
216 100000000 2 107.54 107.93
225 100000000 2 107.79 108.17
234 100000000 2 108.02 108.4
243 100000000 2 108.24 108.62
