9 10 2 9.704 17.202
18 10 2 11.646 21.647
27 10 2 12.365 23.303
36 10 2 12.741 24.164
45 10 2 12.971 24.691
54 10 2 13.126 25.047
63 10 2 13.239 25.303
72 10 2 13.324 25.497
81 10 2 13.39 25.648
90 10 2 13.443 25.769
99 10 2 13.487 25.868
108 10 2 13.524 25.951
117 10 2 13.555 26.022
126 10 2 13.581 26.082
135 10 2 13.604 26.135
144 10 2 13.625 26.181
153 10 2 13.643 26.221
162 10 2 13.659 26.258
171 10 2 13.673 26.29
180 10 2 13.686 26.319
189 10 2 13.697 26.346
198 10 2 13.708 26.37
207 10 2 13.718 26.392
216 10 2 13.727 26.412
225 10 2 13.735 26.43
234 10 2 13.742 26.447
243 10 2 13.749 26.463
