0 93.964 3.2012
1 94.687 3.2577
2 94.687 3.2577
3 95.458 3.3107
4 124.74 3.1576
5 125.96 3.3385
6 125.96 3.3385
7 127.14 3.3244
8 189.95 2.8151
9 192.43 3.5021
10 192.43 3.5021
11 195.44 3.1232
12 231.99 3.0389
13 239.38 5.735
14 239.38 5.735
15 247.79 3.2657
16 275.75 2.205
17 279.87 5.9333
18 279.87 5.9333
19 284.98 5.7974
20 294.15 4.107
21 298.51 4.1031
22 301.4 3.6752
23 301.4 3.6752
24 314.07 4.0113
25 314.07 4.0113
26 321.02 2.7486
27 330.13 3.5379
28 332.8 3.2998
29 341.3 4.0531
30 351.74 3.6978
31 351.74 3.6978
32 372.55 3.2732
33 372.55 3.2732
34 381.78 2.8293
35 383.36 2.7884
36 389.63 3.0541
37 393.22 4.1031
38 393.22 4.1031
39 402.59 3.8799
40 426.08 3.5982
41 450.34 4.0005
42 452.33 4.1668
43 452.33 4.1668
44 466.18 4.2363
45 466.18 4.2363
46 469.74 3.195
47 478.55 4.0286
48 493.67 3.1479
49 501.85 3.5381
50 501.85 3.5381
51 520.84 3.2881
52 541.92 3.996
53 543.35 3.8475
54 544.66 3.2985
55 544.66 3.2985
56 578.28 3.6889
57 586.77 2.9007
58 592.78 2.8742
59 592.78 2.8742
60 607.02 2.9484
61 610.2 3.7559
62 610.2 3.7559
63 627 3.7353
64 665.39 3.6786
65 669.77 3.5071
66 669.77 3.5071
67 673.45 3.7277
68 676.46 3.5104
69 682.79 3.4633
70 682.79 3.4633
71 715.03 3.0742
72 718.95 3.2564
73 729.66 2.7023
74 738.07 3.2668
75 738.07 3.2668
76 752.99 3.3191
77 757.9 3.7899
78 757.9 3.7899
79 762.97 3.2621
80 766.18 2.9509
