1 1.7069 -0.20504
1 1.6564 0.23547
1 1.704 -0.85564
1 1.723 -0.83875
1 1.6545 -0.53442
1 1.6624 0.75618
1 1.6441 0.43955
1 1.6704 0.22425
1 1.5515 0.37384
2 1.3844 0.096752
2 1.4409 0.041339
2 1.3534 0.062573
2 1.4499 0.011947
2 1.4717 -0.17538
1 1.6585 -0.57927
2 1.3904 0.26085
3 1.28 0.0079824
4 1.1313 0.0038625
1 1.6386 0.43101
1 1.6585 -0.57927
1 1.6367 1.5859
-------------------
1 1.6585 -0.57927
2 1.3904 0.26085
3 1.28 0.0079824
4 1.1313 0.0038625
5 1.1637 0.00028251
6 1.104 5.8719e-05
7 1.1458 3.788e-06
8 1.097 3.6725e-07
9 1.1261 2.9097e-08
-------------------
1 1.6249 1.1995
1 1.7086 -0.34582
1 1.6363 0.20264
1 1.6455 1.0071
1 1.6592 0.21762
2 1.4338 0.075325
2 1.4188 0.11869
2 1.4666 -0.070656
2 1.4253 -0.0092146
2 1.4691 -0.0625
3 1.3156 -0.0068179
3 1.2798 0.013394
3 1.2668 0.0039618
3 1.175 0.030339
3 1.2617 0.028953
4 1.1495 0.002335
4 1.1623 0.003748
4 1.1484 0.0021976
4 1.1813 0.002335
4 1.2145 0.00011466
5 1.1797 0.0002504
5 1.1246 0.00024288
5 1.1263 0.00032358
5 1.1698 0.00021173
5 1.1158 0.00030379
6 1.0982 4.2846e-05
6 1.1366 3.4872e-05
6 1.1282 4.5192e-05
6 1.0755 4.7186e-05
6 1.1102 2.2877e-05
7 1.1392 3.8072e-06
7 1.1108 4.0384e-06
7 1.0728 5.8271e-06
7 1.0782 5.1182e-06
7 1.1227 3.5966e-06
8 1.1828 3.3058e-07
8 1.0673 5.885e-07
8 1.0858 6.6508e-07
8 1.1216 4.2656e-07
8 1.1549 1.2663e-07
9 1.1293 2.3141e-08
9 1.0698 8.6773e-08
9 1.1292 4.7056e-08
9 1.0726 6.6893e-08
9 1.1641 1.1885e-08
