9 1000000 2 6.2648 15.355
18 1000000 2 7.8832 19.6
9 1000000 2 6.2648 15.355
18 1000000 2 7.8832 19.6
27 1000000 2 8.5011 21.199
36 1000000 2 8.8262 22.034
45 1000000 2 9.0265 22.545
54 1000000 2 9.1624 22.891
63 1000000 2 9.2605 23.14
72 1000000 2 9.3348 23.328
81 1000000 2 9.3929 23.475
90 1000000 2 9.4396 23.593
99 1000000 2 9.478 23.69
108 1000000 2 9.5101 23.771
117 1000000 2 9.5373 23.84
126 1000000 2 9.5607 23.899
135 1000000 2 9.581 23.95
144 1000000 2 9.5988 23.995
153 1000000 2 9.6146 24.034
162 1000000 2 9.6286 24.07
171 1000000 2 9.6411 24.101
180 1000000 2 9.6525 24.13
189 1000000 2 9.6627 24.155
198 1000000 2 9.672 24.179
207 1000000 2 9.6805 24.2
216 1000000 2 9.6883 24.22
225 1000000 2 9.6955 24.238
234 1000000 2 9.7022 24.255
243 1000000 2 9.7083 24.27
252 1000000 2 9.7141 24.284
261 1000000 2 9.7194 24.298
270 1000000 2 9.7244 24.31
