1 27 28.655 32.096
1 54 32.894 36.42
1 81 34.369 37.927
1 108 35.093 38.669
1 135 35.516 39.105
1 162 35.792 39.39
1 189 35.984 39.59
1 216 36.127 39.738
1 243 36.236 39.852
1 270 36.322 39.942
1 297 36.392 40.015
1 324 36.45 40.075
1 351 36.498 40.126
1 378 36.539 40.169
1 405 36.575 40.207
1 432 36.606 40.239
1 459 36.633 40.268
1 486 36.657 40.293
1 513 36.679 40.315
2 27 71.49 72.762
2 54 86.672 87.493
2 81 91.775 92.477
2 108 94.121 94.774
2 135 95.404 96.034
2 162 96.191 96.808
2 189 96.715 97.323
2 216 97.083 97.686
2 243 97.355 97.954
2 270 97.563 98.159
2 297 97.726 98.32
2 324 97.857 98.449
2 351 97.965 98.556
3 27 203.65 204.21
3 54 293.18 293.37
3 81 327.18 327.3
3 108 342.93 343.03
3 135 351.38 351.46
3 162 356.41 356.48
3 189 359.64 359.72
3 216 361.85 361.92