9 1000000 2 33.486 35.936
18 1000000 2 59.452 61.141
27 1000000 2 73.103 74.31
36 1000000 2 81.318 82.266
45 1000000 2 86.78 87.578
54 1000000 2 90.672 91.373
63 1000000 2 93.584 94.219
72 1000000 2 95.844 96.432
81 1000000 2 97.649 98.201
90 1000000 2 99.123 99.648
99 1000000 2 100.35 100.85
108 1000000 2 101.39 101.87
117 1000000 2 102.27 102.74
126 1000000 2 103.04 103.5
135 1000000 2 103.71 104.16
144 1000000 2 104.3 104.74
153 1000000 2 104.83 105.25
162 1000000 2 105.29 105.72
171 1000000 2 105.71 106.13
180 1000000 2 106.09 106.5
189 1000000 2 106.44 106.84
198 1000000 2 106.75 107.15
207 1000000 2 107.04 107.43
216 1000000 2 107.3 107.69
225 1000000 2 107.54 107.93
234 1000000 2 107.77 108.15
