9 100 2 22.162 25.945
18 100 2 29.142 34.002
27 100 2 31.341 36.625
36 100 2 32.382 37.893
45 100 2 32.985 38.637
54 100 2 33.377 39.124
63 100 2 33.651 39.469
72 100 2 33.855 39.725
81 100 2 34.011 39.923
90 100 2 34.135 40.08
99 100 2 34.236 40.208
108 100 2 34.319 40.315
117 100 2 34.39 40.404
126 100 2 34.45 40.481
135 100 2 34.501 40.547
144 100 2 34.546 40.605
153 100 2 34.586 40.656
162 100 2 34.621 40.702
171 100 2 34.653 40.742
180 100 2 34.681 40.778
189 100 2 34.707 40.811
198 100 2 34.73 40.841
207 100 2 34.751 40.868
216 100 2 34.77 40.893
225 100 2 34.788 40.916
234 100 2 34.804 40.937
243 100 2 34.819 40.957
