9 10 2 9.6524 17.253
18 10 2 11.638 21.656
27 10 2 12.363 23.306
36 10 2 12.74 24.165
45 10 2 12.97 24.692
54 10 2 13.126 25.047
63 10 2 13.239 25.303
72 10 2 13.323 25.497
81 10 2 13.39 25.648
90 10 2 13.443 25.769
99 10 2 13.487 25.868
108 10 2 13.524 25.951
117 10 2 13.555 26.022
126 10 2 13.581 26.082
135 10 2 13.604 26.135
144 10 2 13.625 26.181
153 10 2 13.643 26.222
162 10 2 13.659 26.258
171 10 2 13.673 26.29
180 10 2 13.686 26.319
189 10 2 13.697 26.346
198 10 2 13.708 26.37
207 10 2 13.718 26.392
216 10 2 13.727 26.412
225 10 2 13.735 26.43
234 10 2 13.742 26.447
243 10 2 13.749 26.463
