9 1000 2 31.625 34.31
18 1000 2 52.396 54.638
27 1000 2 60.992 62.973
36 1000 2 65.198 67.059
45 1000 2 67.566 69.368
54 1000 2 69.043 70.813
63 1000 2 70.036 71.788
72 1000 2 70.743 72.483
81 1000 2 71.267 73.001
90 1000 2 71.67 73.4
99 1000 2 71.989 73.715
108 1000 2 72.246 73.971
117 1000 2 72.458 74.181
126 1000 2 72.635 74.358
135 1000 2 72.786 74.508
144 1000 2 72.915 74.636
153 1000 2 73.026 74.748
162 1000 2 73.124 74.846
171 1000 2 73.21 74.932
180 1000 2 73.287 75.009
189 1000 2 73.355 75.078
198 1000 2 73.417 75.139
207 1000 2 73.472 75.195
216 1000 2 73.523 75.246
225 1000 2 73.569 75.292
234 1000 2 73.611 75.334
243 1000 2 73.65 75.373
