1 1 243 10.073 24.386
2 1 243 10.137 24.496
3 1 243 10.2 24.583
4 1 243 10.257 24.659
5 1 243 10.307 24.727
1 10 243 13.02 25.354
2 10 243 13.749 26.463
3 10 243 14.435 27.343
4 10 243 15.041 28.119
5 10 243 15.576 28.807
1 100 243 24.828 30.582
2 100 243 34.819 40.957
3 100 243 44.195 50.658
4 100 243 52.415 59.236
5 100 243 59.589 66.784
1 1000 243 33.099 37.033
2 1000 243 73.65 75.373
3 1000 243 161.77 163.23
4 1000 243 261.71 263.32
5 1000 243 351.47 353.28
1 10000 243 36.236 39.852
2 10000 243 97.355 97.954
3 10000 243 363.43 363.5
4 10000 243 1183.1 1183.1
5 10000 243 2161.6 2161.7
1 100000 243 37.221 40.753
2 100000 243 106.06 106.48
3 100000 243 461.96 461.98
4 100000 243 2654.6 2654.6
5 100000 243 8901 8901
