10 243 13.749 26.463
100 243 34.819 40.957
200 243 46.198 50.67
500 243 62.496 65.207
700 243 68.13 70.311
1000 243 73.65 75.373
2000 243 82.881 84.017
5000 243 92.201 92.95
7000 243 94.889 95.555
10000 243 97.355 97.954
20000 243 101.15 101.66
50000 243 104.5 104.94
100000 243 106.06 106.48
500000 243 107.72 108.11
1000000 243 107.97 108.36
5000000 243 108.19 108.57
10000000 243 108.22 108.59
50000000 243 108.24 108.62
100000000 243 108.24 108.62
500000000 243 108.24 108.62
1000000000 243 108.24 108.62
