0 35.219 1.7498
1 38.868 2.2309
2 38.868 2.2309
3 46.114 2.5064
4 56.023 2.7658
5 69.263 2.757
6 69.263 2.757
7 85.18 2.434
8 97.639 2.6454
9 112.55 2.6504
10 112.55 2.6504
11 121.95 2.8654
12 144.26 2.5938
13 148.79 2.9074
14 148.79 2.9074
15 149.12 2.7438
16 171.36 3.4273
17 171.36 3.4273
18 179.97 2.5169
19 181.53 3.1069
20 187.29 3.4992
21 200.91 2.7587
22 212.69 2.8288
23 212.69 2.8288
24 219.51 2.8591
25 219.51 2.8591
26 225.71 3.0231
27 255.18 2.7405
28 259.65 2.9608
29 266.82 2.8535
30 272.05 3.1673
31 272.05 3.1673
32 275.9 3.2446
33 300.59 2.7014
34 300.59 2.7014
35 335.19 3.0125
36 336.23 2.7543
37 336.23 2.7543
38 339.63 2.5984
39 339.96 2.912
40 348.62 2.845
41 359.02 2.2504
42 370.18 2.9603
43 370.18 2.9603
44 383.78 3.0712
45 383.78 3.0712
46 387.47 3.5632
47 399.12 2.9598
48 412.45 2.6155
49 414.63 2.7995
50 414.63 2.7995
51 424.16 2.8703
52 425.2 2.9773
53 425.41 2.847
54 443.13 2.9838
55 443.13 2.9838
56 462.24 2.7754
57 462.24 2.7754
58 487.67 2.9927
59 492.76 2.8023
60 496.43 3.1316
61 510.07 2.9384
62 510.07 2.9384
63 515.56 3.044
64 515.8 2.8261
65 518.14 2.9503
66 548.64 2.8091
67 548.64 2.8091
68 561.92 3.0025
69 561.92 3.0025
70 573.81 2.921
71 603.51 2.8065
72 604.43 2.8419
73 606.3 2.8731
74 606.3 2.8731
75 615.75 2.9163
76 619.79 2.955
77 620.82 2.9218
78 620.82 2.9218
79 631.53 3.0485
80 633.05 2.7478
