0 2166.1 5.7327
1 2166.1 9.6365
2 2166.1 9.6365
3 2166.2 5.7446
4 2182.4 6.19
5 2182.5 11.679
6 2182.5 11.679
7 2182.6 6.2072
8 2254.8 5.5999
9 2255 6.0387
10 2255 6.0387
11 2255.1 5.631
12 2281.9 5.9545
13 2282.1 10.7382
14 2282.1 10.7382
15 2282.4 6.0171
16 2475.6 4.8433
17 2478.9 6.3138
18 2478.9 6.3138
19 2483 6.8714
20 2485.5 10.1223
21 2487.2 13.0541
22 2487.2 13.0541
23 2488.2 6.3637
24 2491.4 7.5274
25 2492.2 6.3707
26 2492.2 6.3707
27 2496.4 6.9295
28 2498 6.1065
29 2501.9 8.0629
30 2501.9 8.0629
31 2506.4 3.9849
32 2507.7 10.9851
33 2519.9 12.673
34 2519.9 12.673
35 2528.7 11.5991
36 2548.9 11.8208
37 2550.1 23.7548
38 2550.1 23.7548
39 2551.5 13.9894
40 2564.5 5.089
41 2565.8 7.6445
42 2566.4 9.6264
43 2566.4 9.6264
44 2576.6 5.7914
45 2576.8 9.1217
46 2576.8 9.1217
47 2579 7.5832
48 2622.2 5.4708
49 2628.1 7.4469
50 2628.1 7.4469
51 2633.7 5.8601
52 2730.7 10.3208
53 2730.9 20.4467
54 2730.9 20.4467
55 2731 10.2664
56 2768.2 5.0369
57 2769.8 8.6503
58 2769.8 8.6503
59 2769.9 8.6351
60 2775.3 8.5848
61 2777.6 5.1494
62 2777.6 5.1494
63 2782 4.8838
64 2788.5 12.5919
65 2791.4 12.1127
66 2791.4 12.1127
67 2794.6 10.3317
68 2798 7.1154
69 2802.9 10.7026
70 2802.9 10.7026
71 2811 7.2103
72 2811.4 5.4006
73 2818.6 7.24
74 2818.6 7.24
75 2821.9 4.5433
76 2884.7 4.5338
77 2885.3 6.0003
78 2886.4 6.6951
79 2886.4 6.6951
80 2888 6.2221
81 2891.4 8.0287
82 2891.4 8.0287
83 2897.4 4.6953
84 2970.7 5.1729
85 2974.2 9.9872
86 2974.2 9.9872
87 2977.4 4.9325
88 3027 4.4296
89 3031.6 8.6451
90 3031.6 8.6451
91 3036.5 4.4602
92 3139.6 4.0642
93 3145.6 5.5198
94 3145.6 5.5198
95 3151.4 4.3073
96 3212.8 6.1097
97 3213.9 12.0407
98 3213.9 12.0407
99 3214.9 6.0712
100 3308.9 8.0194
101 3320 9.1738
102 3320 9.1738
103 3332 5.2357
104 3350.7 6.1403
105 3350.7 6.1403
106 3350.8 6.237
107 3352.2 5.2648
108 3353.1 11.4002
109 3355.5 17.7291
110 3355.5 17.7291
111 3361.6 6.941
112 3375.4 5.7483
113 3380.8 7.6345
114 3380.8 7.6345
115 3389.9 5.3586
116 3394.5 6.0225
117 3402.9 6.6342
118 3402.9 6.6342
119 3405.2 6.5411
120 3412.4 4.5319
121 3439.1 9.7073
122 3439.1 9.7073
123 3468 7.7507
124 3529.9 6.6558
125 3535.3 7.3565
126 3535.3 7.3565
127 3535.7 5.2703
128 3558.1 4.0218
129 3572.1 8.757
130 3572.1 8.757
131 3575.2 5.638
132 3579.1 4.3905
133 3581.9 5.3347
134 3581.9 5.3347
135 3605.9 4.8456
136 3620.4 5.0642
137 3622.9 3.8097
138 3632.4 5.9472
139 3632.4 5.9472
140 3652.2 3.901
141 3654.7 5.5526
142 3654.7 5.5526
143 3672.2 5.1367
144 3701.3 4.1944
145 3704.6 7.4486
146 3704.6 7.4486
147 3710.1 4.6745
148 3710.9 4.7108
149 3713.7 3.7292
150 3718.6 5.0414
151 3718.6 5.0414
152 3756.5 5.2607
153 3756.5 5.2607
154 3756.6 4.4552
155 3774.7 11.3581
156 3784.2 4.6379
157 3798.8 10.6823
158 3798.8 10.6823
159 3799.4 5.2406
160 3830.5 3.5743
161 3843.2 5.6603
162 3843.2 5.6603
163 3857.7 5.6723
164 3859.1 5.6707
165 3860 6.0037
166 3860 6.0037
167 3861.5 3.6558
168 3909.7 5.4327
169 3909.8 6.9578
170 3912.2 9.7705
171 3912.2 9.7705
172 3922.6 5.7372
173 3929.1 5.1758
174 3929.1 5.1758
175 3945.6 4.9987
176 3956.2 5.022
177 3960.6 6.611
178 3960.6 6.611
179 3961 4.7893
180 3983.9 6.3651
181 3983.9 6.3651
182 3984.6 4.7455
183 3985.3 4.7059
184 4018.4 4.8956
185 4027.4 4.424
186 4035.6 5.5295
187 4035.6 5.5295
188 4055.6 8.0324
189 4055.6 8.0324
190 4061.6 4.3679
191 4068.3 4.8294
192 4086 5.619
193 4086 5.619
194 4096 4.694
195 4107.5 4.9285
196 4109.8 7.2625
197 4118.4 4.0628
198 4129.3 6.8411
199 4129.3 6.8411
200 4147.4 6.537
201 4155.2 5.1705
202 4155.2 5.1705
203 4161.6 3.6155
204 4166.9 5.7994
205 4170.3 4.3947
206 4172.3 4.9688
207 4172.3 4.9688
208 4202 6.1655
209 4202 6.1655
210 4206.5 4.6198
211 4210.8 4.1878
212 4219.1 5.027
213 4221.9 5.1579
214 4221.9 5.1579
215 4225.1 4.9384
216 4242.3 3.8836
217 4250.5 4.07
218 4250.5 4.07
219 4253.4 3.8057
220 4260.5 3.632
221 4276.4 4.244
222 4276.4 4.244
223 4298.6 4.34
224 4319 3.7541
225 4319.5 4.4026
226 4319.5 4.4026
227 4330.3 4.2371
228 4333.7 3.7964
229 4336.4 4.806
230 4336.4 4.806
231 4336.9 4.5661
232 4343.1 3.766
233 4353.8 3.8176
234 4353.8 3.8176
235 4354.4 4.5101
236 4369.7 3.779
237 4383.5 4.0465
238 4383.5 4.0465
239 4387.1 6.4041
240 4395.9 5.5679
241 4395.9 5.5679
242 4398.7 4.3448
