0 1037.3 24.9026
1 1038.4 23.1231
2 1039.4 23.12
3 1039.8 22.3524
4 1055.5 15.2492
5 1055.6 13.3382
6 1055.7 8.9509
7 1056.6 24.3867
8 1124.8 13.8127
9 1125 12.7276
10 1125.7 21.1262
11 1127.4 21.6263
12 1152.5 21.7546
13 1153.3 18.816
14 1153.9 19.2881
15 1154.6 20.9801
16 1317.5 8.7674
17 1318.8 20.8104
18 1320.2 9.0903
19 1321.1 14.8574
20 1325.4 19.5906
21 1327.1 8.4982
22 1329.4 11.7621
23 1331.2 6.1775
24 1335.3 9.6358
25 1336.9 5.7573
26 1338.3 8.4925
27 1341 9.4066
28 1342.9 10.1788
29 1347.2 7.8532
30 1348 8.9229
31 1351.9 10.8683
32 1354.4 4.9351
33 1365.4 13.2568
34 1367.3 13.5311
35 1377 14.7535
36 1395.6 9.7796
37 1396.6 18.0625
38 1398 9.6384
39 1400.8 11.2083
40 1403.7 7.342
41 1406.8 8.6462
42 1407.7 8.7365
43 1409 9.621
44 1417.7 15.0592
45 1418.1 16.4136
46 1419.7 14.3375
47 1420.9 17.4424
48 1465.5 6.2893
49 1471.7 10.7219
50 1473 8.754
51 1479.2 8.697
52 1558.1 15.7114
53 1558.3 21.4472
54 1558.5 16.9502
55 1560.1 43.0569
56 1585.7 56.8029
57 1587.7 47.2605
58 1589.4 11.2175
59 1590.5 13.5888
60 1592.1 10.0838
61 1594.1 25.8721
62 1594.9 22.6452
63 1595.7 11.3253
64 1605.3 8.3678
65 1611 7.4153
66 1614 9.7179
67 1619.8 8.2697
68 1621.6 5.5936
69 1626.5 9.5751
70 1628.2 9.9105
71 1635.6 9.2616
72 1636.6 10.1481
73 1645 6.5436
74 1646.1 6.692
75 1651 4.3415
76 1700.3 5.0469
77 1703.7 9.5071
78 1704.6 12.4177
79 1705.8 6.8376
