0 9.6292 2.1955
1 24.066 2.3186
2 24.066 2.3186
3 38.503 2.1955
4 48.103 2.3083
5 48.103 2.3083
6 62.54 2.3307
7 62.54 2.3307
8 81.707 2.4747
9 81.707 2.4747
10 86.578 2.1955
11 96.143 2.3385
12 96.143 2.3385
13 120.18 2.452
14 120.18 2.452
15 124.83 2.197
16 124.83 2.197
17 139.26 2.3087
18 139.26 2.3087
19 153.78 2.1955
20 163.3 2.2998
21 163.3 2.2998
22 177.4 2.4448
23 177.4 2.4448
24 191.84 2.3854
25 191.84 2.3854
26 196.9 2.3444
27 196.9 2.3444
28 215.87 2.5231
29 215.87 2.5231
30 239.35 2.5196
31 239.35 2.5196
32 240.02 2.1955
33 249.48 2.5562
34 249.48 2.5562
35 253.78 2.4989
36 253.78 2.4989
37 277.82 2.2738
38 277.82 2.2738
39 292.6 2.2851
40 292.6 2.2851
41 310.58 2.1992
42 310.58 2.1992
43 311.42 2.1958
44 311.42 2.1958
45 325.02 2.375
46 325.02 2.375
47 345.17 2.1955
48 349.06 2.3187
49 349.06 2.3187
50 354.54 2.1955
51 354.54 2.1955
52 382.66 2.472
53 382.66 2.472
54 390.99 2.5279
55 390.99 2.5279
56 405.43 2.3893
57 405.43 2.3893
58 407.12 2.5246
59 407.12 2.5246
60 425.78 2.1975
61 425.78 2.1975
62 429.47 2.5595
63 429.47 2.5595
64 463.07 2.2204
65 463.07 2.2204
66 469.07 2.1955
67 478.35 2.3469
68 478.35 2.3469
69 480.47 2.5264
70 480.47 2.5264
71 494.91 2.4649
72 494.91 2.4649
73 506.19 2.3036
74 506.19 2.3036
75 518.95 2.2096
76 518.95 2.2096
77 540.3 2.1957
78 540.3 2.1957
79 552.55 2.2159
80 552.55 2.2159
