0 334.16 4.9786
1 334.28 9.9482
2 334.28 9.9482
3 334.4 5.0026
4 353.01 5.4125
5 353.17 5.7806
6 353.17 5.7806
7 353.33 5.4488
8 423.32 4.7401
9 423.64 5.4555
10 423.64 5.4555
11 423.98 4.8047
12 454.37 5.015
13 454.99 7.4574
14 454.99 7.4574
15 455.61 5.152
16 602.5 4.1999
17 604.43 13.2845
18 604.43 13.2845
19 606.38 12.2361
20 612.21 6.9241
21 615.2 7.6134
22 615.2 7.6134
23 616.57 5.5953
24 623.65 7.6044
25 623.65 7.6044
26 625.55 3.8668
27 629.31 6.0676
28 629.56 3.9834
29 636.34 5.7161
30 636.34 5.7161
31 641.08 8.9324
32 645.59 3.3842
33 658.94 12.6318
34 658.94 12.6318
35 670.37 9.1315
36 686.5 5.5535
37 688.08 8.7972
38 688.08 8.7972
39 692.9 11.0342
40 693.77 6.0424
41 696.72 5.6474
42 699.39 6.0577
43 699.39 6.0577
44 711.18 9.9673
45 711.18 9.9673
46 711.98 4.4417
47 714.32 5.8906
48 761.76 4.743
49 769.68 7.4145
50 769.68 7.4145
51 777.01 5.1047
52 860.37 9.2628
53 860.69 14.8889
54 860.69 14.8889
55 860.99 9.1437
56 883.79 7.2394
57 886.54 18.3265
58 886.54 18.3265
59 889.31 14.7391
60 889.72 7.5354
61 891.91 11.857
62 891.91 11.857
63 895.75 7.2253
64 905.01 5.3734
65 913.6 4.0892
66 913.6 4.0892
67 921.01 5.8889
68 924.45 3.4678
69 929.73 7.015
70 929.73 7.015
71 940.31 5.9192
72 940.72 3.3196
73 952.43 5.1232
74 952.43 5.1232
75 959.66 3.4762
76 999.24 3.9614
77 1008 5.105
78 1008 5.105
79 1010.8 4.8509
80 1014.7 6.6723