0 1424.4 47.3711
1 1450.2 28.5716
2 1453.2 44.7736
3 1468.6 37.1148
4 1469.3 57.5634
5 1490.1 33.5465
6 1490.5 44.4324
7 1495.3 28.7478
8 1525.4 29.0424
9 1564.3 37.0279
10 1566.4 29.0319
11 1575.8 31.5529
12 1591.6 43.7129
13 1591.9 26.0206
14 1596.1 51.3142
15 1603 30.4251
16 1701.1 78.001
17 1713.1 75.0554
18 1726.5 70.7507
19 1754.9 19.1814
20 1756.1 45.1568
21 1756.9 18.3753
22 1759.2 19.1825
23 1765.1 44.7844
24 1770 20.4251
25 1774.8 39.1478
26 1778 32.999
27 1781 47.5658
28 1785.3 24.4172
29 1788.4 26.5015
30 1794.4 56.7318
31 1797.1 38.1107
32 1800.2 22.0161
33 1802.3 14.2297
34 1814.9 20.8558
35 1817.1 12.8913
36 1824.7 14.2636
37 1826 27.0268
38 1827.6 10.502
39 1828.7 17.6727
40 1834 13.7481
41 1836.1 12.7941
42 1842.7 36.9485
43 1849.2 29.3721
44 1856 49.375
45 1873.4 47.8599
46 1881.6 56.3462
47 1884.5 14.4683
48 1887 24.8373
49 1895.7 16.1995
50 1901 20.4624
51 1917.6 23.2403
52 1968.1 69.0105
53 1981.3 42.9224
54 1985.3 68.0396
55 1994.7 73.6407
56 2008.9 25.6106
57 2017.5 21.3633
58 2029 11.384
59 2033.8 13.5503
60 2035.3 41.114
61 2038.1 64.2761
62 2042.9 23.8577
63 2049.2 17.6858
64 2052 64.1995
65 2053.7 16.7442
66 2059.8 12.6979
67 2063.1 12.8967
68 2069.2 12.1565
69 2071.7 33.4371
70 2074.1 10.0242
71 2077.4 9.6419
72 2081 22.6307
73 2096.9 22.6553
74 2109.7 87.4269
75 2131.7 32.0272
76 2133.7 26.4367
77 2145.2 15.1637
78 2146 34.501
79 2160.2 10.6976
