0 990.75 5.6324
1 990.83 9.545
2 990.83 9.545
3 990.92 5.651
4 1007.8 6.1149
5 1007.9 6.3546
6 1007.9 6.3546
7 1008 6.1423
8 1077.1 5.422
9 1077.3 10.4717
10 1077.3 10.4717
11 1077.6 5.472
12 1105.4 5.7906
13 1105.8 7.3102
14 1105.8 7.3102
15 1106.1 5.8918
16 1269.3 4.7849
17 1271 11.694
18 1271 11.694
19 1272.6 14.1284
20 1277.6 8.0437
21 1280.2 6.8542
22 1280.2 6.8542
23 1281.5 6.4278
24 1287.2 5.377
25 1287.2 5.377
26 1288.4 4.3779
27 1291.8 6.8676
28 1292.2 4.4163
29 1297.9 5.8978
30 1297.9 5.8978
31 1304.6 10.8436
32 1305 3.7929
33 1319.2 11.3808
34 1319.2 11.3808
35 1329.1 10.9258
36 1345.7 6.6412
37 1347.2 11.3062
38 1347.2 11.3062
39 1350.9 12.0094
40 1353.5 7.2825
41 1356.5 5.7625
42 1358 6.6613
43 1358 6.6613
44 1368.2 12.2186
45 1368.2 12.2186
46 1369.2 5.1124
47 1370.3 7.1191
48 1417 5.4901
49 1423.6 5.7402
50 1423.6 5.7402
51 1429.7 5.931
52 1510.9 10.8857
53 1511.1 18.9465
54 1511.1 18.9465
55 1511.3 10.7782
56 1539.6 8.8788
57 1541.6 16.5279
58 1541.6 16.5279
59 1542.1 8.9433
60 1544 18.0559
61 1544.3 13.0349
62 1544.3 13.0349
63 1547.3 8.6145
64 1557.2 6.4287
65 1564 5.1301
66 1564 5.1301
67 1570.3 7.0238
68 1572.6 4.1283
69 1577.2 7.327
70 1577.2 7.327
71 1585.7 7.0627
72 1586.6 3.9343
73 1596.1 6.6691
74 1596.1 6.6691
75 1601.8 4.1087
76 1652.6 4.6921
77 1654.5 5.8859
78 1655.6 7.6404
79 1655.6 7.6404
80 1658.1 6.1738