83412,104635,58662,67774,67764,73529,59991,69316,58583,71141,49409,41426,27505,27214,27027,14466,8519,8333,707,0,0,0,628,9442,11812,5885,8435,135,0,1073,6758,10192,11294,24432,24817,28413,45182,39300,14506,18978,5322,14326,10482,4979,16018,1247,0,0,481,10841,17883,24059,31826,8306,41041,69264,74166,89088,82283,87917,125301,69368,43230,57237,40461,22018,8839,9513,30416,27805,35448,25139,27838,64892,103178,94168,49728,72029,101013,86369,81171
95071,0,57388,39879,0,64853,21706,0,24724,29688,0,70934,50909,0,19026,16063,0,15878,6613,0,0,0,0,9800,0,0,4485,4385,0,20679,16950,0,15700,20681,0,28610,42106,0,32778,36523,0,19949,32984,0,9688,3947,0,6736,15495,0,5711,29753,0,5527,29934,0,121315,142853,0,117806,146681,0,84774,110190,0,23218,5061,0,8661,2137,0,12260,4760,0,40640,45777,0,100262,69733,0,81275
46792,69160,80795,75177,48566,23904,10840,8682,31093,14382,15825,16754,9568,30136,17532,9413,25161,15236,26273,11355,0,0,815,4097,2128,11325,853,3560,16226,27332,46867,44106,11794,37245,52151,25280,24116,5647,19273,36680,9572,20510,16639,11530,10231,13324,28119,37137,38551,19417,29046,16622,2271,5562,13613,26681,65424,107341,168023,131602,113695,125054,75374,92742,62720,29795,316,0,0,0,3997,6884,2518,16731,28139,44253,80068,74299,76712,72146,71172
30637,45180,60377,0,0,0,126,7745,11129,1452,8490,9996,0,0,0,23312,12810,9606,9622,2209,0,0,0,0,3240,7696,5414,5202,19246,52175,0,0,0,66811,19004,14529,16729,22752,54469,0,0,0,4590,8156,25053,33546,59873,19919,0,0,0,26805,1920,5568,17584,40078,22749,0,0,0,129499,81158,79658,87324,87649,76434,0,0,0,0,0,5932,3229,28529,15153,0,0,0,38463,27500,32968
19717,0,29609,0,0,0,0,0,14065,408,0,3440,0,0,0,2443,0,6180,8157,0,0,0,0,0,3064,0,9627,19166,0,25261,0,0,0,153332,0,53103,58409,0,68077,0,0,0,17705,0,22690,26642,0,16110,0,0,0,3518,0,11776,0,0,0,0,0,0,230955,0,64296,66794,0,76553,0,0,0,0,0,2499,6864,0,92,0,0,0,11927,0,11813
25108,4905,47768,0,0,0,1030,2334,5821,4765,0,0,0,0,0,19569,10026,13946,7678,0,0,0,0,0,12439,14682,20112,21407,40876,29149,0,0,0,55269,98412,32993,52288,52057,58808,0,0,0,77406,100264,40613,64155,62605,76601,0,0,0,0,0,0,270,6345,4313,0,0,0,141050,52137,63761,73043,96338,52661,0,0,0,0,73,6809,7527,504,0,0,0,0,11352,6382,6133
11657,14407,56369,76766,25062,2332,5331,2923,15392,3226,0,0,1436,13645,23758,28571,11434,0,5256,3380,0,0,0,202,6038,5184,1635,1476,2333,10991,13855,37440,34599,34286,60172,23826,13413,25987,56374,80166,49650,28116,72923,106996,89725,51876,49566,88444,74430,28191,1565,1302,1625,4495,2624,2883,8368,767,9898,33970,66493,74693,97647,68180,88149,49577,38125,19192,1953,0,79,4940,2620,0,0,0,0,122,27728,14293,4367
78,0,16554,21020,0,3529,5448,0,16148,5377,0,9393,4326,0,42748,22725,0,2012,5598,0,0,0,0,0,6396,0,0,0,0,14700,19178,0,50179,19664,0,44909,34767,0,97242,92809,0,74377,84880,0,113464,99323,0,73541,64735,0,15174,10668,0,6504,0,0,9441,4261,0,29973,53767,0,83491,45160,0,16935,31895,0,15698,361,0,4546,0,0,0,0,0,0,1523,0,0
0,2538,6410,30378,11361,798,7217,0,6188,11891,41109,36813,4822,3840,18753,26531,12045,15407,617,0,0,0,0,6263,5329,18075,2158,1023,24408,66265,47911,36777,27576,57184,117613,61532,44388,107784,167747,70727,33002,88551,143643,126470,128462,92293,90528,114562,76741,22865,11873,9838,13315,548,0,398,24544,56288,39631,53412,65236,86248,77355,17606,10853,21812,53312,30321,6563,5053,1381,304,0,0,0,0,0,0,0,0,0
0,0,0,2677,949,0,0,0,57,0,0,0,0,0,0,0,0,0,0,0,0,0,348,8919,12900,3585,12507,25835,69046,79327,73530,28719,35766,28869,60963,59047,0,0,0,0,0,0,0,0,0,77247,58933,57709,64156,30149,12708,2715,2799,0,5196,17987,70901,74914,77598,66970,43155,67877,172352,0,0,0,0,0,0,0,0,0,0,0,0,0,0,0,0,0,0
0,0,0,0,0,0,0,0,0,0,0,0,0,0,0,0,0,0,0,0,0,0,0,0,749,0,29032,38834,0,106104,74448,0,40522,14375,0,66969,0,0,0,0,0,0,0,0,0,68337,0,29473,52468,0,6344,5061,0,10228,14206,0,57857,62130,0,99639,46554,0,145447,0,0,0,0,0,0,0,0,0,0,0,0,0,0,0,0,0,0
0,0,0,0,0,0,0,0,0,0,0,0,0,0,0,0,0,0,0,0,0,0,0,336,2876,15077,30433,26567,34746,38226,47878,40604,11893,17444,31804,48305,0,0,0,0,0,0,0,0,0,11280,671,7424,5523,3,0,7399,12404,20245,31474,15316,24179,74097,97536,68926,74358,62905,67145,0,0,0,0,0,0,0,0,0,0,0,0,0,0,0,0,0,0
0,0,0,0,0,0,0,0,0,0,0,0,0,0,0,0,0,0,0,0,0,0,0,0,7012,11502,10343,34021,17291,31351,0,0,0,28741,63650,62212,0,0,0,0,0,0,0,0,0,0,0,7112,0,0,0,6938,16390,23325,23559,22621,26799,0,0,0,79269,59458,13007,0,0,0,0,0,0,0,0,0,0,0,0,0,0,0,0,0,0
0,0,0,0,0,0,0,0,0,0,0,0,0,0,0,0,0,0,0,0,0,0,0,0,7724,0,30151,63987,0,81127,0,0,0,29765,0,84792,0,0,0,0,0,0,0,0,0,0,0,36281,0,0,0,21628,0,15605,16961,0,28349,0,0,0,26467,0,12199,0,0,0,0,0,0,0,0,0,0,0,0,0,0,0,0,0,0
0,0,0,0,0,0,0,0,0,0,0,0,0,0,0,0,0,0,0,0,0,0,0,0,760,20243,40554,43199,33379,24136,0,0,0,44368,61487,95925,0,0,0,0,0,0,0,0,0,0,11957,14637,0,0,0,20985,9114,7920,10653,18824,27432,0,0,0,65142,40580,25106,0,0,0,0,0,0,0,0,0,0,0,0,0,0,0,0,0,0
0,0,0,0,0,0,0,0,0,0,0,0,0,0,0,0,0,0,0,0,0,0,0,0,0,857,1905,2882,2879,835,0,6344,36534,79295,58032,84335,0,0,0,0,0,0,0,0,0,0,10381,10595,44017,36529,47742,34286,5515,8047,17153,31452,10977,11926,28009,53751,91448,51667,36281,0,0,0,0,0,0,0,0,0,0,0,0,0,0,0,0,0,0
0,0,0,0,0,0,0,0,0,0,0,0,0,0,0,0,0,0,0,0,0,0,0,0,0,0,1432,3579,0,3226,0,0,37304,52894,0,34028,0,0,0,0,0,0,0,0,0,0,0,18637,20241,0,21713,31069,0,8900,22152,0,16655,36801,0,69409,123867,0,47308,0,0,0,0,0,0,0,0,0,0,0,0,0,0,0,0,0,0
0,0,0,0,0,0,0,0,0,0,0,0,0,0,0,0,0,0,0,0,0,0,0,0,0,0,0,4713,8624,4903,15500,7885,17089,29088,40961,16398,0,0,0,0,0,0,0,0,0,0,0,3081,833,0,458,0,5002,13282,25229,41729,57205,34171,51599,95017,64529,51583,31073,0,0,0,0,0,0,0,0,0,0,0,0,0,0,0,0,0,0
0,0,0,0,0,0,0,0,0,0,0,0,0,0,0,0,0,0,0,0,0,0,0,0,0,0,271,10587,6149,13474,26756,28186,23257,85444,91632,12303,0,5941,21166,65102,46563,36917,56203,4796,1145,0,0,0,0,0,0,0,1177,272,5756,24212,27063,17131,49709,89561,48668,27907,56572,47712,25364,40151,52621,16971,22980,25538,4984,0,0,0,0,0,0,0,0,0,0
0,0,0,0,0,0,0,0,0,0,0,0,0,0,0,0,0,0,0,0,0,0,0,0,0,0,1916,19388,0,6324,29499,0,27143,70498,0,26401,2939,0,24133,48947,0,17861,13961,0,33103,4238,0,0,0,0,0,0,0,0,448,0,9467,7312,0,113908,88257,0,90191,115067,0,49773,51158,0,31173,5410,0,0,0,0,0,0,0,0,0,0,0
0,0,0,0,0,0,0,0,0,0,0,0,0,0,0,0,0,0,0,0,0,0,0,0,0,0,5650,9709,18715,6359,18678,13554,12515,12213,39175,33051,11451,45837,55911,79117,26387,7941,0,11089,22961,11230,5111,3461,0,0,0,0,0,5001,8495,8508,5659,4399,14478,48422,49703,50072,129413,122371,95132,48758,29176,83253,49047,10589,3352,0,0,0,0,0,0,0,0,0,0
0,0,0,0,0,0,0,0,0,0,0,0,0,0,0,0,0,0,0,0,0,0,0,0,0,0,1092,9482,16428,38941,0,0,0,30341,46370,30602,14884,47917,41374,0,0,0,3496,7434,21915,26559,18663,5204,0,0,0,6080,4567,6205,888,870,0,0,0,0,84853,75205,95784,116640,114480,31604,0,0,0,2303,5253,0,0,0,0,0,0,0,0,0,0
0,0,0,0,0,0,0,0,0,0,0,0,0,0,0,0,0,0,0,0,0,0,0,0,0,0,3321,24290,0,33663,0,0,0,51840,0,68450,49022,0,11748,0,0,0,34494,0,8412,23764,0,10202,0,0,0,26676,0,38780,13130,0,4514,0,0,0,95657,0,90424,148479,0,31546,0,0,0,0,0,0,0,0,0,0,0,0,0,0,0
0,0,0,0,0,0,0,0,0,0,0,0,0,0,0,0,0,0,0,0,0,0,0,0,0,0,215,10402,20948,8434,0,0,0,78247,79509,62277,46337,36495,20747,0,0,0,46475,44191,29864,44004,63038,49415,0,0,0,43779,19196,41491,33154,30487,11218,0,0,0,132058,126537,122048,120668,58982,55040,0,0,0,0,0,0,1351,1904,3886,0,0,0,0,0,0
0,0,0,0,0,0,0,0,0,0,0,0,0,0,0,0,0,0,0,0,0,0,0,0,0,0,215,4182,13813,18996,28072,77176,70579,92513,64493,34941,72188,52994,24475,13035,544,747,8859,8744,43946,30972,43280,43797,22633,3326,17634,47199,31890,35422,48618,56359,19900,24617,27379,34870,61645,41126,90482,61440,53249,74090,76427,35856,13477,192,0,8592,22846,7519,20913,19150,564,0,0,0,0
0,0,0,0,0,0,0,0,0,0,0,0,0,0,0,0,0,0,0,0,0,0,0,0,0,0,9,15018,0,19943,14947,0,85962,72037,0,17016,34317,0,2714,4453,0,4003,2149,0,29969,19446,0,75643,67636,0,19618,19754,0,34910,75694,0,46743,25149,0,26959,22159,0,51352,58655,0,62908,83987,0,32061,38462,0,11689,48873,0,14988,19990,0,238,0,0,0
0,0,0,0,0,0,0,0,0,0,0,0,0,0,0,0,0,0,0,0,0,0,0,0,0,0,0,6142,10589,694,421,21216,60477,64359,16868,27104,17964,0,2787,15380,7861,17091,9507,17834,42641,83114,113206,125747,82905,8414,13441,36916,23001,29750,59494,64540,53194,36845,36503,23084,5969,21533,45175,49402,41910,48923,35867,26256,17814,28195,14282,11813,11450,16897,15649,45875,31543,7063,0,0,0
0,0,0,0,0,0,0,0,0,0,0,0,0,0,0,0,0,0,0,0,0,0,0,0,0,0,0,0,0,0,0,0,0,0,0,0,0,0,0,0,0,0,0,0,0,0,0,0,0,0,0,0,0,0,43587,61334,95348,48201,16455,8135,7136,73675,100945,53277,40605,39221,28366,31853,25312,63030,29432,15093,9065,18348,36131,37977,13141,14067,0,0,0
0,0,0,0,0,0,0,0,0,0,0,0,0,0,0,0,0,0,0,0,0,0,0,0,0,0,0,0,0,0,0,0,0,0,0,0,0,0,0,0,0,0,0,0,0,0,0,0,0,0,0,0,0,0,30887,0,92743,87924,0,33890,31291,0,65797,59060,0,13063,17802,0,34203,64948,0,32363,45842,0,43095,16643,0,937,0,0,0
0,0,0,0,0,0,0,0,0,0,0,0,0,0,0,0,0,0,0,0,0,0,0,0,0,0,0,0,0,0,0,0,0,0,0,0,0,0,0,0,0,0,0,0,0,0,0,0,0,0,0,0,0,0,39999,82530,57197,107193,102538,76663,46247,77763,45189,14677,39359,65439,54686,62273,47794,105309,106314,100010,54470,52886,52378,24966,932,0,0,0,0
0,0,0,0,0,0,0,0,0,0,0,0,0,0,0,0,0,0,0,0,0,0,0,0,0,0,0,0,0,0,0,0,0,0,0,0,0,0,0,0,0,0,0,0,0,0,0,0,0,0,0,0,0,0,96083,66405,51056,0,0,0,54912,54666,62063,42046,61941,70436,0,0,0,59282,102034,84596,36704,47287,122215,0,0,0,0,0,0
0,0,0,0,0,0,0,0,0,0,0,0,0,0,0,0,0,0,0,0,0,0,0,0,0,0,0,0,0,0,0,0,0,0,0,0,0,0,0,0,0,0,0,0,0,0,0,0,0,0,0,0,0,0,101222,0,47920,0,0,0,17269,0,34745,36098,0,10344,0,0,0,38814,0,64361,29096,0,80081,0,0,0,4523,0,0
33,0,935,0,0,0,1862,30,0,0,0,0,0,0,0,0,0,0,0,0,0,0,0,0,0,0,0,0,0,0,0,0,0,0,0,0,0,0,0,0,0,0,0,0,0,0,0,0,0,0,0,0,0,0,124861,131239,79408,0,0,0,12554,15669,43933,63980,42997,5166,0,0,0,60576,39665,67414,73285,37363,20018,0,0,0,17690,15051,9634
142,0,7223,10072,224,14960,5604,367,0,0,0,0,0,0,0,0,0,0,0,0,0,0,0,0,0,0,0,0,0,0,0,0,0,0,0,0,0,0,0,0,0,0,0,0,0,0,0,0,0,0,0,0,0,0,165554,146193,60051,28868,16420,1525,26074,10154,57087,30145,32892,35535,4811,16769,54328,44220,39656,55097,54931,20916,24599,56123,108050,102155,42182,23069,9450
14956,0,6928,35068,0,28926,14799,0,0,0,0,0,0,0,0,0,0,0,0,0,0,0,0,0,0,0,0,0,0,0,0,0,0,0,0,0,0,0,0,0,0,0,0,0,0,0,0,0,0,0,0,0,0,0,117709,0,66896,38019,0,31612,7971,0,79432,44157,0,43200,37026,0,98280,70002,0,36987,7091,0,35877,84395,0,35796,49093,0,25203
39537,43214,21421,24548,82930,33866,19466,5827,42,0,0,0,0,0,0,0,0,0,0,0,0,0,0,0,0,0,0,0,0,0,0,0,0,0,0,0,0,0,0,0,0,0,0,0,0,0,0,0,0,0,0,0,0,0,60471,113255,95016,79436,84847,80107,36209,62569,81897,21200,6509,35572,65441,77185,101109,70786,31183,28865,17420,24688,23388,65589,115126,32581,48055,74498,36127
56088,23101,72403,58798,35842,5793,9012,20774,13684,0,0,0,0,0,0,0,0,0,0,0,0,0,0,0,0,0,0,0,0,0,0,0,0,0,0,0,0,0,0,0,0,0,0,0,0,0,0,0,0,0,0,0,0,0,73600,87322,74932,68092,128800,99163,107553,58528,54780,0,0,0,0,0,0,0,0,0,40665,5367,18118,37883,77145,51951,30447,41722,48965
60788,0,49352,79022,0,37698,15956,0,27194,0,0,0,0,0,0,0,0,0,0,0,0,0,0,0,0,0,0,0,0,0,0,0,0,0,0,0,0,0,0,0,0,0,0,0,0,0,0,0,0,0,0,0,0,0,84928,0,33430,35170,0,109349,70241,0,81519,0,0,0,0,0,0,0,0,0,36765,0,38802,25278,0,50372,11255,0,34937
37366,45985,56164,87911,102724,41674,81808,121938,74216,0,0,0,0,0,0,0,0,0,0,0,0,0,0,0,0,0,0,0,0,0,0,0,0,0,0,0,0,0,0,0,0,0,0,0,0,0,0,0,0,0,0,0,0,0,29821,23823,38900,52668,36973,34168,22716,46292,76699,0,0,0,0,0,0,0,0,0,65117,44030,19330,27006,50992,32351,29196,36615,21252
33609,61038,79460,0,0,0,91591,104049,101479,0,0,0,0,0,0,0,0,0,0,0,0,0,0,0,0,0,0,0,0,0,0,0,0,0,0,0,0,0,0,0,0,0,0,0,0,0,0,0,0,0,0,0,0,0,52953,31978,54743,0,0,0,39730,76936,68289,0,0,0,0,0,0,0,0,0,35142,30322,48835,0,0,0,34860,46155,29549
46687,0,53245,0,0,0,78645,0,64205,0,0,0,0,0,0,0,0,0,0,0,0,0,0,0,0,0,0,0,0,0,0,0,0,0,0,0,0,0,0,0,0,0,0,0,0,0,0,0,0,0,0,0,0,0,83478,0,74795,0,0,0,41357,0,58665,0,0,0,0,0,0,0,0,0,35845,0,26758,0,0,0,53313,0,18288
68650,88568,69781,0,0,0,40473,28715,36994,0,0,0,0,0,0,0,0,0,0,0,0,0,0,0,0,0,0,0,0,0,0,0,0,0,0,0,0,0,0,0,0,0,0,0,0,0,0,0,0,0,0,0,0,0,73866,35191,76851,0,0,0,26532,14035,43940,0,0,0,0,0,0,0,0,0,25484,17919,25290,0,0,0,36839,17945,21752
84675,111784,94478,132187,82891,42766,37689,47094,85737,0,0,0,0,0,0,0,0,0,0,0,0,0,0,0,0,0,0,0,0,0,0,0,0,0,0,0,0,0,0,0,0,0,0,0,0,0,0,0,0,0,0,0,0,0,37313,15956,43373,33787,81461,58187,39013,24674,18896,0,0,0,0,0,0,0,0,0,52057,32514,18774,178,0,7649,32521,38925,22463
46178,0,39409,35671,0,52338,73895,0,50004,0,0,0,0,0,0,0,0,0,0,0,0,0,0,0,0,0,0,0,0,0,0,0,0,0,0,0,0,0,0,0,0,0,0,0,0,0,0,0,0,0,0,0,0,0,9212,0,7410,17715,0,47858,44627,0,8332,0,0,0,0,0,0,0,0,0,24159,0,12468,1548,0,8555,16785,0,14353
12404,39994,29615,14655,35331,28185,46786,69886,39553,0,0,0,0,0,0,0,0,0,0,0,0,0,0,0,0,0,0,0,0,0,0,0,0,0,0,0,0,0,0,0,0,0,0,0,0,0,0,0,0,0,0,0,0,0,1090,14648,6588,9698,24243,12153,15677,19397,18445,0,0,0,0,0,0,0,0,0,8574,7413,9575,17775,44781,10209,22804,7012,8535
18506,44586,60230,42009,33648,35104,22335,31015,44517,40400,41256,5554,171,0,0,0,0,0,0,0,0,0,0,0,0,0,0,0,0,0,0,0,0,0,0,0,0,0,0,0,0,0,0,0,0,0,0,0,0,0,0,0,0,0,15596,11013,12759,31529,14206,32235,32319,49862,40760,16276,162,70,6674,8459,5739,3693,17001,24380,22179,6111,9765,15464,17497,20220,24379,6167,21714
30001,0,26498,22201,0,70321,33264,0,21942,5550,0,14109,0,0,0,0,0,0,0,0,0,0,0,0,0,0,0,0,0,0,0,0,0,0,0,0,0,0,0,0,0,0,0,0,0,0,0,0,0,0,0,0,0,0,119530,0,67825,90791,0,18968,38559,0,68380,27150,0,11989,17924,0,269,3020,0,38533,14944,0,25170,15226,0,25414,18547,0,28412
5532,1521,14181,10856,7549,35812,27210,10861,8754,7607,4575,2421,0,0,0,0,0,0,0,0,0,0,0,0,0,0,0,0,0,0,0,0,0,0,0,0,0,0,0,0,0,0,0,0,0,0,0,0,0,0,0,0,0,0,160869,77315,138510,114399,99149,34186,59937,20145,36570,39995,20882,14734,13600,2327,4315,4411,2281,7069,17774,69595,61818,18394,3107,10870,16335,9010,9612
1547,429,12136,0,0,0,9802,18699,6256,1843,0,0,0,0,0,0,0,0,0,0,0,0,0,0,0,0,0,0,0,0,0,0,0,0,0,0,0,0,0,0,0,0,0,0,0,0,0,0,0,0,0,0,0,0,145628,94907,116286,0,0,0,43277,41526,40788,45470,34987,4042,0,0,0,0,0,9599,21343,61607,90428,0,0,0,28049,27135,26570
129,0,31149,0,0,0,16028,0,6507,130,0,0,0,0,0,0,0,0,0,0,0,0,0,0,0,0,0,0,0,0,0,0,0,0,0,0,0,0,0,0,0,0,0,0,0,0,0,0,0,0,0,0,0,0,128641,0,148721,0,0,0,17532,0,30120,42524,0,6557,0,0,0,17063,0,33552,37823,0,130921,0,0,0,12848,0,18070
10634,151,2296,0,0,0,33162,9213,7357,4187,4668,5880,0,0,0,0,0,0,0,0,0,0,0,0,0,0,0,0,0,0,0,0,0,0,0,0,0,0,0,0,0,0,0,0,0,0,0,0,0,0,0,0,0,0,139349,74111,70469,0,0,0,37572,15242,24858,18413,5621,964,0,0,0,46145,52268,49351,30351,43648,82410,0,0,0,0,4478,24820
12078,71,0,0,0,39,10572,5304,11732,17802,11914,3975,3,0,0,0,0,0,0,0,0,0,0,0,0,0,0,0,0,0,0,0,0,0,0,0,0,0,0,0,0,0,0,0,0,0,0,0,0,0,0,0,0,0,111754,81920,51560,27619,10810,7225,16836,18569,7609,11143,4646,8007,2053,36208,100635,54809,31281,35429,24635,29490,55082,63583,71751,8667,1973,5745,11351
6195,0,0,0,0,0,0,0,19414,20772,0,0,135,0,0,0,0,0,0,0,0,0,0,0,0,0,0,0,0,0,0,0,0,0,0,0,0,0,0,0,0,0,0,0,0,0,0,0,0,0,0,0,0,0,43704,0,43217,34170,0,9440,8110,0,14471,6814,0,42712,15048,0,55868,35321,0,10429,18130,0,62902,65056,0,3268,5671,0,26873
31611,11278,0,0,0,0,0,0,3551,12073,0,795,10139,12897,5,589,4021,1128,0,0,0,0,0,0,0,0,0,0,0,0,0,0,0,0,0,0,0,0,0,0,0,0,0,0,0,0,0,0,0,0,0,0,0,0,31161,68518,27162,11189,17388,16917,18162,8546,15121,16865,16059,15592,11934,2772,8553,22786,32190,13723,5180,22693,21942,23135,12723,1388,13887,33091,22722
15912,17086,516,0,0,0,0,0,406,7621,4514,1022,30561,39706,12304,4677,7778,2515,0,0,0,0,0,0,0,0,0,0,0,0,6461,2617,0,0,0,0,0,0,0,0,0,0,0,0,0,0,0,0,0,0,0,0,0,3418,8105,1828,0,2808,43704,16963,12476,16152,13254,25548,31426,22431,3471,0,0,11649,25422,29860,27059,13950,15548,16110,26425,5479,397,6295,2346
10365,0,0,0,0,0,0,0,0,4621,0,19112,40195,0,14292,7286,0,8827,696,0,0,0,0,0,0,0,0,0,0,4188,8034,0,0,0,0,0,0,0,0,0,0,0,0,0,0,0,0,0,0,0,0,0,0,124,281,0,0,0,0,7130,7025,0,8412,2048,0,1843,0,0,0,3173,0,25796,40591,0,19672,4610,0,0,4262,0,11519
13890,0,0,0,0,0,0,0,0,8655,34524,34281,16730,1349,1203,11383,16690,23373,2735,16,0,0,0,0,0,0,0,0,527,11197,14110,888,0,0,658,535,0,0,0,0,0,0,0,0,0,0,0,0,0,0,0,0,0,0,13,6035,6415,3595,6344,2582,6826,9284,5510,6369,1069,0,0,0,2801,6816,495,10701,35242,54898,12756,6172,177,37,13468,25820,21877
2510,0,0,0,0,0,0,0,0,297,10523,54703,0,0,0,25839,33101,25532,24676,6181,0,0,0,0,0,0,0,0,0,19290,0,0,0,1334,6717,6744,7,3178,5895,0,0,0,0,0,0,0,0,0,0,0,0,0,6847,6778,6637,1643,2674,0,0,0,58,46,0,2350,44,0,0,0,0,14439,9857,6610,7230,12180,1490,0,0,0,309,12388,15697
806,0,0,0,0,0,7323,0,48,1241,0,27877,0,0,0,47700,0,10912,10835,0,377,0,0,0,1150,0,0,0,0,48534,0,0,0,1213,0,5908,6944,0,16296,0,0,0,0,0,0,0,0,0,0,0,0,0,0,11162,19217,0,20615,0,0,0,0,0,0,0,0,0,0,0,0,12002,0,0,1109,0,0,0,0,0,3809,0,14502
0,0,0,0,0,0,40876,28137,9229,15653,32616,30113,0,0,0,97933,70763,47141,51061,29840,5915,0,0,0,12918,2448,6169,3518,12621,19575,0,0,0,6019,2468,14119,29715,21178,4800,0,0,0,0,0,0,0,0,0,0,0,0,0,2890,35533,25571,3526,39286,0,0,0,0,0,0,0,0,0,0,0,0,483,0,0,0,0,0,0,0,0,28379,12771,8103
3338,767,0,0,290,12582,32997,23365,2097,1071,5601,19237,58350,49503,64434,45903,44782,36074,37980,36799,29262,1464,0,53,12458,24023,7752,13593,10941,7372,16299,26130,5115,1989,1471,23495,26133,19709,2,0,0,0,0,0,0,0,0,0,0,0,0,0,2336,8448,11699,1748,6942,24893,41887,7040,0,0,0,0,0,0,0,0,0,0,0,0,0,0,0,0,0,25220,26224,1889,2913
3103,0,394,0,0,16998,15784,0,4917,118,0,12543,28893,0,79711,94290,0,32666,28116,0,49956,1176,0,11017,22607,0,22391,24930,0,9593,1823,0,19109,21624,0,16848,18320,0,99,0,0,0,0,0,0,0,0,0,0,0,0,0,0,8165,867,0,14802,12131,0,6435,0,0,0,0,0,0,0,0,0,0,0,0,0,0,0,0,0,1708,9769,0,252
4528,10418,5956,1462,6569,8001,4759,10891,8545,11064,47348,37290,43078,61617,79431,140636,120878,59430,36080,27566,25745,12479,48893,60618,43588,77510,69500,57978,37945,59565,24447,9537,45543,58004,63570,63043,25864,20529,11054,3364,0,0,0,0,0,0,0,0,0,0,1146,1116,821,3540,2551,427,12221,10891,3806,367,0,0,0,0,0,0,0,0,0,0,0,0,0,0,0,0,0,5611,25236,44537,7418
5820,11782,56,5450,340,0,1760,5286,24414,0,0,0,0,0,0,0,0,0,32018,48107,39487,29038,84039,91573,54282,87933,74428,94257,62385,84784,42541,53386,54730,70142,86817,75058,0,0,0,0,0,0,0,0,0,0,0,0,0,0,3221,6621,2485,2626,0,1998,2713,2906,246,0,0,0,0,0,0,0,0,0,0,0,0,0,0,0,0,0,628,19685,38543,39121,9967
3968,0,6270,4759,0,826,3235,0,5151,0,0,0,0,0,0,0,0,0,36034,0,31488,43339,0,123021,58308,0,124675,82333,0,112257,77226,0,58303,74959,0,67522,0,0,0,0,0,0,0,0,0,0,0,0,0,0,255,4371,0,0,0,0,0,0,0,0,0,0,0,0,0,0,0,0,0,0,0,0,0,0,0,0,0,6094,25318,0,5182
30288,10821,6295,892,46,9708,4505,34497,14610,0,0,0,0,0,0,0,0,0,53686,16337,23472,47654,79752,129416,72640,94832,96279,82148,64162,54564,80127,95109,124646,120251,147688,92536,0,0,0,0,0,0,0,0,0,9845,6053,1081,0,0,1252,730,0,14,0,0,0,0,0,0,0,0,0,0,0,0,0,0,0,0,0,0,0,0,0,0,0,0,9944,20440,15386
31392,23865,4546,0,0,0,799,38356,52824,0,0,0,0,0,0,0,0,0,56323,14176,27365,0,0,0,30188,64241,61627,39357,42486,61002,0,0,0,94657,126365,109192,0,0,0,0,0,0,0,0,0,38334,61837,16672,0,0,0,3643,2605,5689,1847,0,0,0,0,0,0,0,0,0,0,0,0,0,0,0,0,0,0,0,0,0,0,0,13675,16243,59838
14682,0,21,0,0,0,3791,0,69823,0,0,0,0,0,0,0,0,0,95971,0,39838,0,0,0,26819,0,92935,61083,0,74023,0,0,0,125830,0,133409,0,0,0,0,0,0,0,0,0,40344,0,11905,0,0,0,16634,0,11967,8170,0,0,0,0,0,0,0,0,0,0,0,0,0,0,0,0,0,0,0,0,0,0,0,0,0,26275
10826,9835,5930,0,0,0,21384,23182,33411,0,0,0,0,0,0,0,0,0,128497,112044,71935,0,0,0,29535,60582,76628,43050,42966,42780,0,0,0,165828,188388,110714,0,0,0,0,0,0,0,0,0,17112,1675,16456,0,0,0,4775,18092,16046,2038,0,0,0,0,0,0,0,0,0,0,0,0,0,0,0,0,0,0,0,0,0,0,0,2298,10841,16003
18741,9186,6382,11287,10454,25135,27256,23214,23734,0,0,0,0,0,0,0,0,0,163185,142289,65004,62666,85951,88692,64081,67551,43605,59833,63478,46199,67169,81250,79855,119258,160190,160735,0,0,0,0,0,0,0,0,0,934,7104,27659,50422,54379,40870,22886,3475,17369,504,0,251,7241,4599,9981,390,0,0,0,0,0,0,0,0,0,0,0,0,0,660,1698,2266,4406,20221,19675,4098
15606,0,21074,22365,0,14183,21419,0,2137,0,0,0,0,0,0,0,0,0,121384,0,67848,38015,0,28165,59985,0,32552,23319,0,77155,96683,0,50559,87598,0,96589,0,0,0,0,0,0,0,0,0,0,0,16895,38838,0,31200,14373,0,7925,11134,0,7251,10470,0,9665,1484,0,0,0,0,0,0,0,0,0,0,0,2398,0,2498,12405,0,36518,44132,0,7849
26234,39422,53922,36571,59563,62250,17045,1340,1698,0,0,0,0,0,0,0,0,0,51187,43888,30637,46684,53062,50861,73060,35671,23769,15180,37302,96261,86755,92440,99574,123936,100996,122655,0,0,0,0,0,0,0,0,0,0,1869,32296,40601,10386,9366,23573,22743,16806,19874,16883,1618,27,4237,5873,11298,11384,6885,0,0,0,0,0,0,0,0,0,48162,67380,82090,55007,21881,9362,14372,15429,13380
44551,38182,54648,66713,57414,46448,46240,15137,18684,21260,3977,16093,36928,55888,51236,64349,64593,66496,86545,27460,30969,35459,32083,84236,96111,76779,35461,2909,51049,65620,105245,87319,147733,164913,131413,118916,66959,67666,108098,127771,86996,32981,11599,12082,1376,1042,10332,32521,26339,16560,39329,34594,15419,6158,9731,1100,0,0,1317,12656,6466,790,789,11388,27606,71457,54063,15962,0,9373,11260,14893,46172,67277,46436,60722,33184,41188,15294,27571,20918
56727,0,44304,67754,0,49558,57387,0,32538,21159,0,54648,94560,0,49945,55919,0,74123,74698,0,60615,44062,0,24307,34846,0,34872,20797,0,43961,80131,0,96414,82667,0,91234,80902,0,116305,68627,0,3071,2274,0,8192,8255,0,25309,26622,0,67726,45433,0,5022,0,0,0,0,0,9522,3577,0,0,3768,0,28902,42909,0,4947,13125,0,21281,31555,0,53866,63926,0,42107,58026,0,74302
91390,73450,87944,47834,83831,61952,60688,69048,51092,43637,89850,103695,73873,23353,19607,83744,56777,34581,18391,10255,63377,62059,68802,37885,13440,23309,19630,21095,36412,65774,43662,100067,96696,52949,37609,65052,72146,80735,67011,39547,8718,8303,3602,1944,5501,1212,2081,10969,26575,89650,61414,22228,20178,8987,42,0,0,0,90,15126,3169,104,0,5746,4816,12889,24904,30983,8002,26277,8565,30170,47070,37975,51378,125447,73660,44832,81452,47197,82383
72731,115260,62814,0,0,0,51082,36582,56336,34064,35371,59766,0,0,0,103598,68420,27603,18103,23865,33167,0,0,0,10862,13851,20463,27051,51127,55368,0,0,0,19096,57162,54672,74419,38180,24008,0,0,0,0,0,0,0,7,14392,0,0,0,22640,16875,26200,5485,0,0,0,0,0,8445,8432,4242,2906,0,4506,0,0,0,34609,18815,10108,20220,40833,34032,0,0,0,77402,55883,55337
52069,0,82410,0,0,0,64281,0,31840,28026,0,33636,0,0,0,157916,0,14504,29678,0,75126,0,0,0,17042,0,22213,21204,0,17615,0,0,0,31667,0,122976,95867,0,29219,0,0,0,0,0,0,0,0,24775,0,0,0,7351,0,28677,15952,0,3411,0,0,0,26876,0,30204,30604,0,18952,0,0,0,24163,0,216,10211,0,26439,0,0,0,63458,0,75816
40044,44270,32886,0,0,0,28292,37308,30721,18188,7812,13574,0,0,0,65055,26794,20113,29260,50565,18811,0,0,0,6583,10449,1469,3700,11666,9791,0,0,0,95092,110976,84684,93644,98612,25928,0,0,0,0,0,0,2803,7400,1100,0,0,0,2901,7323,16914,36219,46695,23303,0,0,0,29694,45765,45089,51496,70878,52606,0,0,0,19149,1957,6417,16187,11939,10701,0,0,0,75992,52948,59041
32303,30875,41183,27303,37972,22794,22698,21673,20079,15626,10252,30452,41629,85443,60114,54649,20513,9554,25496,13792,14,0,950,8448,10710,8071,2488,3357,17082,2341,1390,34655,31823,72962,144369,79952,85345,68255,112144,96933,65707,11061,0,0,0,8267,6657,402,0,0,0,0,8232,46613,58869,45727,27248,21998,23173,55690,43687,87286,75885,44139,55462,58395,63380,57974,37765,39611,42581,55570,41933,45811,31073,44082,34703,25357,25750,39562,37855
41470,0,58629,36909,0,18068,37440,0,44400,69432,0,66977,134626,0,45571,21313,0,4586,12974,0,0,0,0,21517,14227,0,338,3873,0,2541,22798,0,38311,47403,0,68846,35948,0,106784,41600,0,1363,0,0,7220,7345,0,0,0,0,391,0,0,38503,57026,0,38834,32255,0,49935,49438,0,34030,30394,0,74259,93231,0,18878,28723,0,55976,37643,0,36908,26133,0,32971,46666,0,57685
48969,89595,101343,60827,46709,62095,56820,58447,51230,81299,76279,86152,54902,27349,31329,16905,11414,2500,2961,471,0,0,8396,15519,3543,1291,5822,280,0,45,2049,5494,15211,48020,77469,57757,21434,28233,26845,23181,11425,28,2982,7043,3591,2467,0,0,160,2478,6331,3351,24758,20023,52559,70182,87277,96129,51608,57229,63142,35168,16160,43545,6145,16583,20154,8298,27685,27855,69345,79029,59284,52711,56287,40908,72637,60957,54906,52500,102618
